2659
7746
2562
7747
2560
7649
2465
7648
2463
7550
2366
7551
2364
7453
2269
7452
2267
7354
2170
7355
2168
7257
2073
7256
2071
7158
1974
7159
1975
7062
1878
7063
1879
6966
1782
6967
1783
6870
1686
6871
1687
6774
1590
6775
1591
6678
1494
6679
1495
6582
1398
6583
1399
6486
1302
6487
1303
6390
1206
6391
1207
6294
1110
6295
1111
6198
1014
6199
1015
6102
918
6103
919
6006
822
6007
823
5910
726
5911
727
5814
633
5816
632
5721
538
5723
539
5626
445
5628
444
5533
350
5535
351
5438
257
5440
256
5345
162
5347
163
5250
69
5252
68
10341
5157
10340
5155
10242
5058
10243
5056
10145
4961
10144
4959
10046
4862
10047
4860
9949
4765
9948
4763
9850
4666
9851
4664
9753
4569
9752
4567
9654
4470
9655
4471
9558
4374
9559
4375
9462
4278
9463
4279
9366
4182
9367
4183
9270
4086
9271
4087
9174
3990
9175
3991
9078
3894
9079
3895
8982
3798
8983
3799
8886
3702
8887
3703
8790
3606
8791
3607
8694
3510
8695
3511
8598
3414
8599
3415
8502
3318
8503
3319
8406
3222
8407
3223
8310
3129
8312
3128
8217
3034
8219
3035
8122
2941
8124
2940
8029
2846
8031
2847
7934
2753
7936
2752
7841
2658
7843
-1
10319
10320
5137
10321
5138
10322
5141
10325
5142
10326
5145
10329
5146
10330
5149
10333
5150
10334
5153
10337
5154
10338
5157
10341
5158
10342
5161
10345
5162
10346
5165
10349
5166
10350
5169
10353
5170
10354
5173
10357
5174
10358
5177
10361
5178
10362
5181
10365
5182
10366
10273
5089
10274
5090
10277
5093
10278
5094
10281
5097
10282
5098
10285
5101
10286
5102
10289
5105
10290
5106
10293
5109
10294
5110
10297
5113
10298
5114
10301
5117
10302
5118
10305
5121
10306
5122
10309
5125
10310
5126
10313
5129
10314
5130
10317
5133
10316
5135
